12
IDA0000000 IDB0000028
12 6 2017
8 9 2017
IDA0000000 IDB0000061
10 4 2017
30 4 2017
IDA0000013 IDB0000002
4 5 2017
19 5 2017
IDA0000013 IDB0000001
8 6 2017
9 6 2017
IDA0000009 IDB0000028
12 6 2017
15 6 2017
IDA0000013 IDB0000023
10 7 2017
30 7 2017
IDA0000013 IDB0000002
4 6 2017
19 6 2017
IDA0000000 IDB0000002
15 6 2017
25 6 2017
IDA0000000 IDB0000086
15 6 2017
16 6 2017
IDA0000000 IDB0000071
15 6 2017
16 6 2017
IDA0000000 IDB0000068
15 6 2017
16 6 2017
IDA0000000 IDB0000001
15 6 2017
26 6 2017
